05.05.2024	60.867,7	63.897,7	65.448,8	60.251,8	455,08K	-4.73%
28.04.2024	63.888,3	63.457,9	64.700,2	56.643,5	693,18K	+0.68%
21.04.2024	63.456,8	64.942,1	67.208,0	62.507,7	451,32K	-2.32%
14.04.2024	64.961,1	63.909,5	66.805,1	59.693,3	869,36K	+1.74%
07.04.2024	63.849,9	68.897,3	72.710,8	61.065,5	680,91K	-7.32%
31.03.2024	68.890,6	69.608,5	71.367,5	64.559,0	649,77K	-1.04%
24.03.2024	69.611,5	64.036,5	71.670,8	63.812,9	583,25K	+8.70%
17.03.2024	64.037,8	65.314,2	68.920,1	60.850,9	644,98K	-1.95%
10.03.2024	65.314,2	68.360,7	73.740,9	64.971,0	753,56K	-4.46%
03.03.2024	68.366,5	61.955,6	69.904,0	60.138,2	796,49K	+10.28%
25.02.2024	61.994,5	51.572,1	63.915,3	50.925,2	642,90K	+20.21%
18.02.2024	51.571,6	51.646,0	52.936,8	50.537,6	327,44K	-0.14%
11.02.2024	51.646,0	47.759,3	52.819,4	47.590,2	455,62K	+8.14%
04.02.2024	47.758,2	43.006,2	48.149,0	42.272,5	402,98K	+11.05%
28.01.2024	43.005,7	42.121,3	43.817,9	41.649,0	320,49K	+2.10%
21.01.2024	42.120,9	41.695,4	42.214,8	38.546,9	427,70K	+1.02%
14.01.2024	41.695,4	42.851,3	43.563,7	40.305,4	418,57K	-2.70%
07.01.2024	42.851,3	43.973,5	48.923,7	41.857,9	771,35K	-2.54%
31.12.2023	43.967,9	42.141,6	45.885,4	40.888,3	482,41K	+4.35%
24.12.2023	42.136,7	43.710,4	43.935,7	41.459,0	338,09K	-3.60%
17.12.2023	43.710,4	42.271,7	44.394,6	40.554,0	358,37K	+3.40%
10.12.2023	42.271,7	43.716,6	44.045,4	40.277,1	399,45K	-3.31%
03.12.2023	43.718,4	39.456,8	44.697,6	39.280,3	488,43K	+10.80%
26.11.2023	39.458,4	37.786,4	39.673,4	36.751,5	337,81K	+4.42%
19.11.2023	37.787,0	36.568,6	38.400,8	35.695,6	377,06K	+3.33%
12.11.2023	36.568,6	37.149,0	37.954,1	34.984,3	371,77K	-1.57%
05.11.2023	37.150,5	35.065,8	37.942,0	34.536,9	395,79K	+5.95%
29.10.2023	35.065,8	34.082,6	35.907,6	33.937,6	356,78K	+2.88%
22.10.2023	34.082,6	29.912,7	35.191,4	29.713,6	546,20K	+13.94%
15.10.2023	29.912,9	26.852,8	30.264,8	26.812,6	453,75K	+11.40%
08.10.2023	26.852,8	27.961,1	28.097,5	26.558,4	258,44K	-3.96%
01.10.2023	27.961,1	26.962,5	28.556,6	26.955,7	355,31K	+3.70%
24.09.2023	26.962,7	26.579,0	27.283,6	26.013,6	283,67K	+1.44%
17.09.2023	26.579,2	26.562,0	27.480,7	26.382,3	282,39K	+0.06%
10.09.2023	26.562,0	25.901,1	26.837,4	24.923,1	327,53K	+2.55%
03.09.2023	25.901,1	25.869,7	26.417,7	25.411,7	233,37K	+0.12%
27.08.2023	25.869,7	26.017,1	28.046,0	25.361,9	371,58K	-0.57%
20.08.2023	26.017,1	26.099,5	26.807,7	25.481,9	293,72K	-0.32%
13.08.2023	26.099,4	29.428,2	29.689,0	25.489,4	442,95K	-11.31%
06.08.2023	29.428,2	29.067,9	30.168,6	28.721,0	256,33K	+1.24%
30.07.2023	29.068,1	29.354,2	30.025,9	28.611,0	282,53K	-0.97%
23.07.2023	29.353,5	29.788,9	30.337,0	28.890,7	245,08K	-1.46%
16.07.2023	29.788,9	30.291,8	30.435,0	29.621,4	253,92K	-1.66%
09.07.2023	30.291,4	30.288,8	31.764,5	29.944,3	429,51K	+0.01%
02.07.2023	30.288,8	30.587,1	31.463,6	29.757,4	347,61K	-0.97%
25.06.2023	30.586,8	30.533,6	31.275,5	29.714,5	489,67K	+0.17%
18.06.2023	30.533,6	26.515,0	31.395,4	26.290,6	595,01K	+15.16%
11.06.2023	26.515,0	25.843,3	26.767,3	24.838,0	403,42K	+2.60%
04.06.2023	25.844,0	27.070,9	27.410,2	25.425,6	392,44K	-4.54%
28.05.2023	27.072,0	26.855,3	28.431,2	26.541,3	364,20K	+0.80%
21.05.2023	26.857,5	27.116,2	27.448,1	25.892,5	326,61K	-0.95%
14.05.2023	27.116,2	26.777,4	27.651,7	26.449,8	318,29K	+1.27%
07.05.2023	26.777,5	28.857,1	29.122,0	25.853,1	501,86K	-7.21%
30.04.2023	28.857,1	29.235,1	29.941,3	27.685,9	479,52K	-1.29%
23.04.2023	29.234,1	27.813,8	29.995,7	27.054,3	594,98K	+5.11%
16.04.2023	27.813,9	30.299,2	30.545,3	27.165,7	583,96K	-8.20%
09.04.2023	30.299,6	27.941,2	30.964,9	27.809,2	544,03K	+8.44%
02.04.2023	27.941,2	28.456,1	28.744,4	27.256,9	397,27K	-1.81%
26.03.2023	28.456,1	27.474,9	29.160,4	26.611,5	684,10K	+3.57%
19.03.2023	27.475,6	26.914,5	28.760,3	26.668,7	1,98M	+2.09%
12.03.2023	26.914,1	20.465,0	27.742,2	20.294,2	4,38M	+31.50%
05.03.2023	20.467,5	22.347,1	22.636,7	19.591,8	2,75M	-8.41%
26.02.2023	22.347,1	23.166,1	23.914,1	22.051,9	1,99M	-3.54%
19.02.2023	23.166,1	24.631,3	25.236,8	22.777,4	2,61M	-5.95%
12.02.2023	24.631,4	21.859,9	25.233,8	21.418,7	2,81M	+12.68%
05.02.2023	21.859,8	23.326,9	23.425,1	21.491,7	2,23M	-6.28%
29.01.2023	23.323,8	23.023,5	24.207,2	22.560,0	2,36M	+1.28%
22.01.2023	23.027,9	22.775,7	23.779,0	22.323,0	2,25M	+1.11%
15.01.2023	22.775,7	20.956,0	23.304,5	20.448,3	2,28M	+8.67%
08.01.2023	20.958,2	16.943,6	21.185,6	16.913,8	2,44M	+23.69%
01.01.2023	16.943,6	16.537,5	17.012,3	16.499,7	1,31M	+2.46%
25.12.2022	16.537,4	16.835,7	16.964,0	16.360,0	1,24M	-1.78%
18.12.2022	16.837,2	16.777,0	17.031,3	16.331,2	1,35M	+0.36%
11.12.2022	16.777,1	17.127,0	18.351,8	16.542,4	1,94M	-2.04%
04.12.2022	17.127,2	16.884,8	17.395,2	16.715,3	1,73M	+1.44%
27.11.2022	16.884,5	16.456,4	17.244,7	16.013,5	1,79M	+2.60%
20.11.2022	16.456,5	16.699,3	16.785,6	15.504,2	1,78M	-1.45%
13.11.2022	16.699,2	16.803,9	17.158,4	15.834,0	1,58M	-0.57%
06.11.2022	16.795,2	21.298,7	21.360,4	15.603,3	4,02M	-21.16%
30.10.2022	21.301,6	20.809,4	21.464,7	20.065,8	2,62M	+2.36%
23.10.2022	20.809,8	19.204,8	21.038,1	19.092,5	2,25M	+8.36%
16.10.2022	19.204,8	19.068,8	19.692,9	18.703,3	1,72M	+0.71%
09.10.2022	19.068,7	19.416,3	19.933,9	18.207,9	2,12M	-1.78%
02.10.2022	19.415,0	19.311,9	20.436,7	18.937,3	2,17M	+0.53%
25.09.2022	19.311,9	18.925,1	20.361,2	18.505,3	3,37M	+2.04%
18.09.2022	18.925,2	20.113,9	20.113,9	18.191,8	2,82M	-5.91%
11.09.2022	20.113,5	21.650,4	22.702,5	19.352,9	2,58M	-7.10%
04.09.2022	21.650,4	19.832,2	21.790,6	18.548,4	2,38M	+9.17%
28.08.2022	19.831,4	20.034,2	20.558,2	19.542,9	1,85M	-1.01%
21.08.2022	20.033,9	21.138,9	21.832,3	19.849,8	1,70M	-5.23%
14.08.2022	21.138,9	24.442,1	25.205,7	20.784,8	1,73M	-13.52%
07.08.2022	24.442,5	22.944,2	24.882,9	22.714,7	1,39M	+6.53%
31.07.2022	22.944,2	23.634,2	24.179,3	22.438,7	1,25M	-2.92%
24.07.2022	23.634,2	22.449,8	24.605,3	20.737,3	1,49M	+5.23%
17.07.2022	22.460,4	21.209,8	24.258,0	20.755,2	1,61M	+5.90%
10.07.2022	21.209,9	21.587,4	21.599,2	18.942,2	1,31M	-1.75%
03.07.2022	21.587,5	19.243,4	22.482,1	18.794,4	1,39M	+12.18%
26.06.2022	19.243,2	21.489,9	21.837,4	18.682,7	742,87K	-10.45%
19.06.2022	21.489,9	18.983,4	21.689,3	17.983,7	889,96K	+13.19%
12.06.2022	18.986,5	28.404,0	28.534,8	17.630,5	1,44M	-33.15%
05.06.2022	28.403,4	29.865,1	31.753,4	28.161,8	614,26K	-4.89%
29.05.2022	29.864,3	29.027,1	32.377,5	28.838,7	610,88K	+2.88%
22.05.2022	29.027,1	29.433,0	30.644,8	28.077,9	658,54K	-1.38%
15.05.2022	29.434,6	30.078,6	31.383,8	28.648,1	630,05K	-2.15%
08.05.2022	30.080,4	35.468,0	35.497,0	26.500,5	672,43M	-15.19%
01.05.2022	35.468,0	37.642,0	40.021,0	34.773,0	4,43B	-5.80%
24.04.2022	37.650,0	39.434,0	40.770,0	37.596,0	3,35B	-4.49%
17.04.2022	39.418,0	40.382,0	42.969,0	38.577,0	2,66B	-2.39%
10.04.2022	40.382,0	42.760,0	43.421,0	39.202,0	2,49B	-5.58%
03.04.2022	42.767,0	45.813,0	47.435,0	42.113,0	3,23B	-6.64%
27.03.2022	45.811,0	44.542,0	48.199,0	44.261,0	3,66B	+2.84%
20.03.2022	44.548,0	42.241,0	45.112,0	40.530,0	3,16B	+5.48%
13.03.2022	42.233,0	38.813,2	42.386,0	37.603,4	17,07B	+8.81%
06.03.2022	38.814,3	39.396,3	42.538,5	37.182,1	20,31B	-1.48%
27.02.2022	39.395,8	39.116,6	45.294,2	37.062,3	6,23B	+0.72%
20.02.2022	39.115,5	40.089,6	40.120,3	34.357,4	635,91K	-2.43%
13.02.2022	40.090,3	42.205,5	44.722,6	39.505,0	376,77K	-5.01%
06.02.2022	42.205,2	41.411,9	45.755,2	41.176,3	473,29K	+1.92%
30.01.2022	41.412,1	38.167,5	41.899,8	36.297,3	451,36K	+8.49%
23.01.2022	38.170,8	35.072,9	38.862,6	32.985,6	630,11K	+8.83%
16.01.2022	35.075,2	43.079,2	43.487,1	34.116,0	541,76K	-18.61%
09.01.2022	43.097,0	41.681,2	44.404,7	39.697,0	391,26K	+3.42%
02.01.2022	41.672,0	47.738,7	47.944,9	40.574,3	446,80K	-12.71%
26.12.2021	47.738,0	50.404,0	52.016,3	45.693,6	391,96K	-5.29%
19.12.2021	50.406,4	46.855,7	51.795,3	45.577,3	343,62K	+7.58%
12.12.2021	46.856,2	49.332,5	50.779,2	45.513,4	446,80K	-4.98%
05.12.2021	49.314,5	49.196,4	51.918,6	46.834,0	470,49K	+0.24%
28.11.2021	49.195,2	54.758,0	59.174,4	42.587,8	485,37K	-10.17%
21.11.2021	54.765,9	59.724,0	60.002,6	53.533,5	512,69K	-8.29%
14.11.2021	59.717,6	64.397,2	66.311,2	55.626,3	521,73K	-7.27%
07.11.2021	64.398,6	61.483,8	68.990,6	61.347,2	451,59K	+4.74%
31.10.2021	61.483,9	61.842,2	64.256,4	59.612,7	375,25K	-0.58%
24.10.2021	61.840,1	61.308,2	63.694,8	58.112,6	449,83K	+0.86%
17.10.2021	61.312,5	60.865,5	66.967,1	59.143,4	545,11K	+0.74%
10.10.2021	60.861,1	54.942,5	62.892,8	54.100,8	628,28K	+10.77%
03.10.2021	54.942,5	47.665,4	55.977,9	46.958,6	506,29K	+15.26%
26.09.2021	47.666,9	42.685,8	48.435,2	40.786,6	486,08K	+11.67%
19.09.2021	42.686,8	48.299,9	48.341,9	39.646,8	682,37K	-11.63%
12.09.2021	48.306,7	45.162,6	48.761,0	43.463,2	428,09K	+6.96%
05.09.2021	45.161,9	49.918,7	52.885,3	43.072,4	635,39K	-9.53%
29.08.2021	49.918,4	48.899,7	51.008,8	46.533,1	503,54K	+2.09%
22.08.2021	48.897,1	48.870,4	50.498,8	46.360,4	455,60K	+0.04%
15.08.2021	48.875,8	47.082,6	49.719,1	43.986,7	404,44K	+3.81%
08.08.2021	47.081,5	44.584,9	48.090,9	42.824,1	603,00K	+5.53%
01.08.2021	44.614,2	41.510,0	44.697,3	37.365,4	480,25K	+7.37%
25.07.2021	41.553,7	34.392,5	42.285,3	33.881,3	772,12K	+22.85%
18.07.2021	33.824,8	31.517,9	33.955,0	29.310,2	547,54K	+7.32%
11.07.2021	31.518,6	33.510,8	34.598,0	31.062,2	444,39K	-5.94%
04.07.2021	33.510,6	34.742,8	35.957,6	32.146,9	538,72K	-3.55%
27.06.2021	34.742,8	32.247,1	36.590,3	32.041,7	644,50K	+7.75%
20.06.2021	32.243,4	35.510,9	36.097,9	28.901,8	1,38M	-9.21%
13.06.2021	35.513,4	35.467,5	41.318,0	34.827,0	869,90K	+0.13%
06.06.2021	35.467,5	35.518,7	38.340,8	31.158,1	955,16K	-0.15%
30.05.2021	35.520,0	34.589,3	39.462,3	33.441,0	795,23K	+2.70%
23.05.2021	34.584,6	37.446,8	40.750,0	31.192,4	1,36M	-7.65%
16.05.2021	37.448,3	46.729,3	49.764,3	30.261,7	2,10M	-19.83%
09.05.2021	46.708,8	58.840,6	59.523,9	46.331,1	971,69K	-20.62%
02.05.2021	58.840,1	57.807,2	59.471,1	53.741,5	714,62K	+1.79%
25.04.2021	57.807,1	50.088,2	58.449,4	47.098,5	650,34K	+15.41%
18.04.2021	50.088,9	60.043,2	60.362,1	47.659,4	1,12M	-16.58%
11.04.2021	60.041,9	59.772,4	64.778,0	59.250,3	738,10K	+0.49%
04.04.2021	59.748,4	57.059,7	61.229,0	55.489,3	478,37K	+4.71%
28.03.2021	57.059,9	55.856,9	60.134,9	54.711,3	551,09K	+2.14%
21.03.2021	55.862,9	58.097,4	58.583,8	50.441,3	736,81K	-3.84%
14.03.2021	58.093,4	61.192,7	61.673,7	53.342,6	705,78K	-5.07%
07.03.2021	61.195,3	48.899,0	61.795,8	48.890,6	726,92K	+25.26%
28.02.2021	48.855,6	46.136,0	52.567,9	43.100,6	647,90K	+5.89%
21.02.2021	46.136,7	55.907,6	58.335,1	44.248,2	1,08M	-17.50%
14.02.2021	55.923,7	47.172,1	57.523,8	45.786,1	880,27K	+18.56%
07.02.2021	47.168,7	39.228,9	48.927,4	37.381,6	1,12M	+20.16%
31.01.2021	39.256,6	34.281,6	40.939,7	32.189,9	844,34K	+14.51%
24.01.2021	34.283,1	32.088,5	38.546,0	29.290,4	1,38M	+6.84%
17.01.2021	32.088,9	36.020,1	37.821,0	28.871,2	1,14M	-10.91%
10.01.2021	36.019,5	40.149,7	41.362,4	30.411,6	1,40M	-10.29%
03.01.2021	40.151,9	32.192,9	41.921,7	28.204,5	1,57M	+24.72%
27.12.2020	32.193,3	26.460,3	33.233,5	25.858,2	962,22K	+21.69%
20.12.2020	26.454,4	23.843,6	26.826,0	22.015,5	805,84K	+10.95%
13.12.2020	23.844,0	18.808,1	24.107,1	18.716,8	1,01M	+26.77%
06.12.2020	18.808,9	19.146,0	19.424,6	17.600,1	642,93K	-1.76%
29.11.2020	19.146,5	17.729,7	19.897,4	17.530,4	883,70K	+7.99%
22.11.2020	17.730,7	18.394,6	19.486,7	16.235,2	1,15M	-5.12%
15.11.2020	18.687,2	16.074,7	18.966,0	15.782,3	985,86K	+16.28%
08.11.2020	16.071,0	14.826,6	16.474,1	14.720,7	849,61K	+8.38%
01.11.2020	14.828,4	13.795,5	15.955,2	13.214,2	969,23K	+7.47%
25.10.2020	13.797,3	13.117,0	14.065,4	12.792,4	737,16K	+5.18%
18.10.2020	13.117,2	11.362,1	13.213,5	11.349,8	649,57K	+15.45%
11.10.2020	11.362,1	11.295,6	11.715,9	11.224,6	458,66K	+0.56%
04.10.2020	11.298,4	10.544,4	11.475,0	10.520,8	415,50K	+7.15%
27.09.2020	10.544,2	10.727,9	10.946,6	10.387,6	473,68K	-1.71%
20.09.2020	10.727,9	11.081,6	11.081,6	10.146,6	521,93K	-3.19%
13.09.2020	11.081,8	10.441,7	11.177,1	10.219,4	552,84K	+6.13%
06.09.2020	10.441,9	10.092,2	10.480,3	9.877,1	24,92M	+3.47%
30.08.2020	10.092,2	11.468,1	12.045,9	9.897,8	56,56M	-12.00%
23.08.2020	11.468,1	11.661,1	11.824,6	11.131,0	3,40M	-1.66%
16.08.2020	11.661,3	11.845,5	12.444,1	11.382,1	3,65M	-1.55%
09.08.2020	11.845,3	11.764,4	12.041,1	11.146,7	3,46M	+0.69%
02.08.2020	11.764,3	11.802,6	12.061,1	10.730,7	3,74M	-0.33%
26.07.2020	11.803,1	10.961,1	11.847,7	10.771,8	4,12M	+21.63%
19.07.2020	9.704,1	9.170,1	9.729,3	9.106,4	2,56M	+5.82%
12.07.2020	9.170,2	9.234,2	9.337,8	9.052,0	2,76M	-0.68%
05.07.2020	9.233,3	9.134,3	9.458,3	8.932,1	3,03M	+1.08%
28.06.2020	9.134,4	9.008,4	9.289,0	8.950,2	2,61M	+1.40%
21.06.2020	9.008,3	9.358,8	9.751,9	8.865,3	3,24M	-3.74%
14.06.2020	9.358,8	9.470,7	9.577,1	8.925,6	3,38M	-1.19%
07.06.2020	9.471,3	9.669,6	9.970,9	9.139,1	3,94M	-2.05%
31.05.2020	9.669,6	9.692,9	10.301,8	9.347,3	4,72M	-0.24%
24.05.2020	9.692,5	9.177,9	9.729,9	8.666,1	6,17M	+5.62%
17.05.2020	9.177,0	9.376,6	9.930,2	8.833,6	7,89M	-2.16%
10.05.2020	9.379,5	9.553,9	9.887,5	8.235,6	12,52M	-1.83%
03.05.2020	9.554,6	8.966,2	10.033,0	8.553,2	9,63M	+6.56%
26.04.2020	8.966,3	7.540,4	9.437,5	7.520,5	8,77M	+18.91%
19.04.2020	7.540,4	7.230,9	7.684,6	6.771,2	12,22M	+4.28%
12.04.2020	7.230,8	6.867,9	7.259,4	6.520,5	7,48M	+5.29%
05.04.2020	6.867,8	6.857,5	7.440,3	6.686,0	8,36M	+0.15%
29.03.2020	6.857,4	6.233,2	7.182,7	5.872,5	9,18M	+10.01%
22.03.2020	6.233,7	6.186,9	6.930,2	5.710,8	10,15M	+0.77%
15.03.2020	6.186,2	5.182,9	6.858,1	4.477,7	14,45M	+19.36%
08.03.2020	5.182,7	8.887,8	8.888,0	3.869,5	16,09M	-41.69%
01.03.2020	8.887,8	8.543,8	9.180,8	8.437,2	6,44M	+4.03%
23.02.2020	8.543,7	9.655,6	9.981,0	8.451,9	7,28M	-11.52%
16.02.2020	9.655,7	9.907,4	10.230,9	9.424,3	5,93M	-2.54%
09.02.2020	9.907,7	9.895,4	10.482,6	9.725,1	5,39M	+0.12%
02.02.2020	9.895,5	9.381,5	9.931,2	9.381,5	4,78M	+5.48%
26.01.2020	9.381,6	8.341,6	9.569,0	8.304,9	4,89M	+12.47%
19.01.2020	8.341,6	8.916,3	9.183,7	8.242,6	4,60M	-6.45%
12.01.2020	8.916,3	8.023,3	9.005,1	7.973,1	6,33M	+11.12%
05.01.2020	8.024,1	7.376,8	8.436,4	7.345,6	6,53M	+8.78%
29.12.2019	7.376,8	7.321,6	7.518,9	6.884,1	4,70M	+0.75%
22.12.2019	7.321,5	7.156,3	7.684,0	7.128,5	5,29M	+2.31%
15.12.2019	7.156,2	7.080,8	7.387,7	6.462,2	5,22M	+1.07%
08.12.2019	7.080,8	7.510,8	7.626,0	7.043,3	3,88M	-5.73%
01.12.2019	7.510,9	7.546,5	7.702,2	7.113,6	5,17M	-0.47%
24.11.2019	7.546,6	7.325,0	7.825,3	6.534,8	6,29M	+3.04%
17.11.2019	7.324,1	8.497,4	8.631,7	6.818,5	6,19M	-13.81%
10.11.2019	8.497,3	8.804,7	9.092,9	8.437,1	4,02M	-3.49%
03.11.2019	8.804,5	9.300,5	9.500,4	8.722,4	4,63M	-5.33%
27.10.2019	9.300,6	9.230,6	9.866,9	8.959,6	6,08M	+0.76%
20.10.2019	9.230,6	7.957,4	10.540,0	7.329,2	4,23M	+16.00%
13.10.2019	7.957,3	8.304,3	8.450,2	7.842,0	3,38M	-4.18%
06.10.2019	8.304,4	8.127,3	8.751,1	7.797,0	4,00M	+2.18%
29.09.2019	8.127,3	8.208,0	8.486,2	7.749,0	3,23M	-0.99%
22.09.2019	8.208,5	9.993,0	10.075,0	7.773,6	4,23M	-17.86%
15.09.2019	9.993,0	10.337,3	10.360,5	9.707,6	2,51M	-3.33%
08.09.2019	10.337,3	10.461,6	10.578,0	9.908,9	2,74M	-1.18%
01.09.2019	10.461,1	9.594,7	10.896,2	9.533,6	3,62M	+9.03%
25.08.2019	9.594,4	10.132,1	10.568,2	9.343,0	3,29M	-5.30%
18.08.2019	10.131,0	10.219,3	10.941,6	9.777,0	3,57M	-0.85%
11.08.2019	10.218,1	11.314,6	11.728,4	9.580,1	4,62M	-9.69%
04.08.2019	11.314,5	10.816,1	12.291,9	10.568,8	4,55M	+4.61%
28.07.2019	10.815,7	9.491,1	10.893,6	9.401,1	3,89M	+13.94%
21.07.2019	9.492,1	10.827,0	10.883,8	9.389,1	4,02M	-12.33%
14.07.2019	10.826,7	11.364,3	11.448,7	9.082,6	6,29M	-4.74%
07.07.2019	11.364,9	11.267,9	13.134,4	10.839,4	5,64M	+0.86%
30.06.2019	11.268,0	11.906,0	12.179,3	9.728,5	6,41M	-5.36%
23.06.2019	11.906,5	10.721,5	13.929,8	10.493,5	7,21M	+11.05%
16.06.2019	10.721,7	8.812,2	11.160,5	8.771,1	5,15M	+21.66%
09.06.2019	8.812,5	7.901,6	8.856,7	7.516,9	4,24M	+11.53%
02.06.2019	7.901,4	8.545,8	8.807,7	7.480,4	4,88M	-7.54%
26.05.2019	8.545,7	8.029,6	9.045,9	7.866,5	20,69M	+6.46%
19.05.2019	8.027,4	7.261,9	8.253,4	7.252,3	6,20M	+10.53%
12.05.2019	7.262,6	7.190,0	8.323,9	6.802,6	9,03M	+1.01%
05.05.2019	7.190,3	5.830,8	7.373,8	5.630,5	5,78M	+23.31%
28.04.2019	5.830,9	5.265,7	5.899,2	5.188,9	5,56M	+10.73%
21.04.2019	5.265,9	5.290,2	5.594,4	5.137,4	6,56M	-0.46%
14.04.2019	5.290,2	5.052,0	5.327,0	4.964,2	4,90M	+4.72%
07.04.2019	5.051,8	5.046,1	5.404,1	4.889,2	5,83M	+0.11%
31.03.2019	5.046,2	4.111,8	5.278,4	4.076,8	36,99M	+22.73%
24.03.2019	4.111,8	4.002,6	4.138,1	3.897,9	19,14M	+2.73%
17.03.2019	4.002,5	4.006,4	4.064,0	3.923,8	20,06M	-0.10%
10.03.2019	4.006,4	3.944,4	4.050,6	3.817,1	19,44M	+1.57%
03.03.2019	3.944,3	3.823,2	3.964,0	3.681,8	19,19M	+3.17%
24.02.2019	3.823,1	4.120,5	4.194,2	3.701,9	12,42M	-7.21%
17.02.2019	4.120,4	3.616,8	4.152,6	3.607,9	5,61M	+13.92%
10.02.2019	3.616,8	3.661,0	3.681,1	3.580,2	3,65M	-1.22%
03.02.2019	3.661,4	3.502,3	3.721,1	3.382,5	3,78M	+4.54%
27.01.2019	3.502,5	3.570,9	3.583,2	3.368,2	3,68M	-1.92%
20.01.2019	3.570,9	3.676,2	3.699,1	3.465,2	3,16M	-2.91%
13.01.2019	3.677,8	3.597,3	3.715,2	3.473,2	3,50M	+2.24%
06.01.2019	3.597,2	3.785,7	4.070,5	3.561,3	3,80M	-4.97%
30.12.2018	3.785,4	3.708,2	3.894,8	3.658,8	3,52M	+2.12%
23.12.2018	3.706,8	3.964,3	4.208,2	3.560,8	4,18M	-6.50%
16.12.2018	3.964,4	3.228,6	4.153,1	3.225,9	4,77M	+22.79%
09.12.2018	3.228,7	3.430,3	3.677,6	3.177,0	2,82M	-5.88%
02.12.2018	3.430,4	4.196,2	4.316,1	3.251,8	2,98M	-18.25%
25.11.2018	4.196,2	3.920,3	4.440,1	3.634,2	3,46M	+7.03%
18.11.2018	3.920,4	5.621,0	5.727,9	3.821,5	2,69M	-30.26%
11.11.2018	5.621,8	6.427,1	6.475,9	5.384,1	1,64M	-12.53%
04.11.2018	6.427,1	6.386,2	6.594,3	6.359,7	1,04M	+0.64%
28.10.2018	6.386,2	6.494,6	6.502,2	6.257,8	897,36K	-1.66%
21.10.2018	6.494,2	6.575,9	6.643,1	6.473,7	685,44K	-1.19%
14.10.2018	6.572,2	6.321,6	7.358,4	6.300,0	1,21M	+3.96%
07.10.2018	6.321,7	6.596,3	6.699,5	6.206,2	907,69K	-4.16%
30.09.2018	6.596,3	6.603,9	6.682,3	6.034,9	64,74M	-0.12%
23.09.2018	6.603,9	6.729,6	6.809,2	5.977,0	59,02M	-1.87%
16.09.2018	6.729,6	6.519,0	6.833,3	6.144,5	33,27M	+3.23%
09.09.2018	6.519,0	6.184,3	6.867,3	6.148,8	22,18M	+5.41%
02.09.2018	6.184,3	7.189,6	7.409,9	6.132,3	26,79M	-13.98%
26.08.2018	7.189,6	6.734,9	7.264,3	6.573,1	26,36M	+6.75%
19.08.2018	6.734,8	6.379,1	6.840,8	6.255,9	20,84M	+5.58%
12.08.2018	6.379,1	6.232,1	6.626,4	5.898,3	17,63M	+2.37%
05.08.2018	6.231,6	7.014,0	7.149,7	6.009,8	1,71M	-11.16%
29.07.2018	7.014,3	8.231,5	8.275,4	6.949,7	1,55M	-14.81%
22.07.2018	8.234,1	7.409,0	8.484,6	7.343,7	1,80M	+11.14%
15.07.2018	7.408,7	6.254,8	7.683,6	6.238,5	1,92M	+18.45%
08.07.2018	6.254,8	6.765,4	6.793,8	6.088,8	1,88M	-7.55%
01.07.2018	6.765,5	6.398,5	6.805,9	6.398,5	1,03M	+5.73%
24.06.2018	6.398,9	6.167,9	6.498,5	5.785,3	1,34M	+3.76%
17.06.2018	6.167,3	6.505,8	6.839,5	5.955,0	988,81K	-5.20%
10.06.2018	6.505,8	7.515,8	7.516,3	6.129,1	1,32M	-13.44%
03.06.2018	7.515,8	7.646,6	7.775,0	7.391,0	868,03K	-1.71%
27.05.2018	7.646,6	7.361,9	7.694,5	7.069,8	984,53K	+3.88%
20.05.2018	7.361,3	8.243,9	8.597,4	7.293,4	1,08M	-10.72%
13.05.2018	8.245,1	8.483,6	8.758,4	8.055,5	1,14M	-2.53%
06.05.2018	8.459,5	9.859,4	9.957,7	8.184,1	1,26M	-14.15%
29.04.2018	9.853,5	9.352,2	9.992,8	8.851,0	1,17M	+5.36%
22.04.2018	9.352,4	8.923,6	9.753,1	8.669,8	1,60M	+4.81%
15.04.2018	8.923,1	8.004,6	9.027,7	7.852,8	1,27M	+11.48%
08.04.2018	8.004,4	6.905,9	8.228,0	6.633,2	1,51M	+15.91%
01.04.2018	6.905,7	6.939,1	7.519,3	6.460,1	1,50M	-0.47%
25.03.2018	6.938,2	8.549,1	8.679,0	6.603,8	1,80M	-18.83%
18.03.2018	8.547,4	7.873,2	9.173,4	7.323,3	1,75M	+8.54%
11.03.2018	7.874,9	8.732,2	9.892,2	7.691,7	1,84M	-10.12%
04.03.2018	8.762,0	11.402,8	11.506,9	8.351,0	1,66M	-23.16%
25.02.2018	11.402,3	9.703,1	11.420,7	9.330,1	1,41M	+17.50%
18.02.2018	9.704,3	11.073,7	11.791,5	9.394,5	1,93M	-12.36%
11.02.2018	11.073,5	8.559,7	11.095,9	7.843,7	1,64M	+29.37%
04.02.2018	8.559,6	9.241,5	9.382,1	8.559,6	3,00M	-7.37%
28.01.2018	9.241,1	11.471,2	12.112,7	7.915,8	1,89M	-19.41%
21.01.2018	11.467,5	12.857,1	12.860,2	10.056,6	1,33M	-10.82%
14.01.2018	12.858,9	14.291,9	14.446,1	12.858,9	1,39M	-10.03%
07.01.2018	14.292,2	17.174,5	17.184,8	13.048,3	691,25K	-16.77%
31.12.2017	17.172,3	12.532,4	17.252,8	12.359,4	770,83K	+37.03%
24.12.2017	12.531,5	14.396,6	16.514,6	11.962,1	1,04M	-12.95%
17.12.2017	14.396,5	19.346,6	19.870,6	10.875,7	1,46M	-25.58%
10.12.2017	19.345,5	14.840,0	19.587,7	13.031,0	1,02M	+30.33%
03.12.2017	14.843,4	10.912,7	17.294,8	10.578,4	1,26M	+36.02%
26.11.2017	10.912,7	8.754,6	11.417,8	8.746,6	919,63K	+24.65%
19.11.2017	8.754,7	7.781,0	8.762,0	7.675,4	551,27K	+12.51%
12.11.2017	7.780,9	6.339,9	8.000,2	5.493,6	1,00M	+22.73%
05.11.2017	6.339,9	7.363,8	7.869,1	6.197,9	1,07M	-13.91%
29.10.2017	7.363,8	5.726,6	7.492,2	5.679,4	976,41K	+28.59%
22.10.2017	5.726,6	6.006,6	6.070,6	5.375,6	722,59K	-4.66%
15.10.2017	6.006,6	5.824,7	6.187,2	5.114,9	670,51K	+3.12%
08.10.2017	5.824,7	4.435,8	5.852,8	4.419,4	805,69K	+31.31%
01.10.2017	4.435,8	4.360,6	4.477,4	4.143,4	443,24K	+1.72%
24.09.2017	4.360,6	3.788,0	4.383,3	3.633,9	588,23K	+15.12%
17.09.2017	3.788,0	3.698,9	4.122,8	3.485,8	781,52K	+2.41%
10.09.2017	3.698,9	4.335,1	4.387,8	2.979,9	1,43M	-14.68%
03.09.2017	4.335,1	4.573,8	4.719,8	4.004,6	870,55K	-5.22%
27.08.2017	4.573,8	4.352,3	4.976,5	4.195,2	622,35K	+5.09%
20.08.2017	4.352,3	4.150,5	4.461,7	3.612,2	628,02K	+4.86%
13.08.2017	4.150,5	3.871,6	4.487,5	3.837,1	997,13K	+7.20%
06.08.2017	3.871,6	3.262,8	3.967,3	3.166,5	644,93K	+18.66%
30.07.2017	3.262,8	2.733,5	3.344,0	2.621,7	675,09K	+19.36%
23.07.2017	2.733,5	2.836,5	2.856,7	2.441,5	859,86K	-3.63%
16.07.2017	2.836,5	1.975,1	2.932,8	1.809,0	1,35M	+43.62%
09.07.2017	1.975,1	2.564,9	2.576,7	1.974,0	777,01K	-22.99%
02.07.2017	2.564,9	2.424,6	2.658,7	2.375,9	526,68K	+5.78%
25.06.2017	2.424,6	2.590,1	2.660,7	2.309,6	737,13K	-6.39%
18.06.2017	2.590,1	2.655,1	2.804,4	2.488,6	623,37K	-2.45%
11.06.2017	2.655,1	2.900,3	2.985,1	2.125,6	1,07M	-8.45%
04.06.2017	2.900,3	2.545,4	2.931,2	2.478,2	710,05K	+13.94%
28.05.2017	2.545,4	2.052,4	2.582,8	2.051,1	732,63K	+24.02%
21.05.2017	2.052,4	2.040,2	2.781,8	1.868,6	1,18M	+0.60%
14.05.2017	2.040,2	1.763,7	2.048,4	1.653,7	552,75K	+15.67%
07.05.2017	1.763,7	1.545,3	1.864,8	1.495,2	689,31K	+14.14%
30.04.2017	1.545,3	1.336,3	1.609,8	1.309,7	609,50K	+15.64%
23.04.2017	1.336,3	1.240,9	1.356,2	1.223,1	364,25K	+7.69%
16.04.2017	1.240,9	1.177,0	1.257,0	1.166,7	301,86K	+5.43%
09.04.2017	1.177,0	1.180,8	1.229,6	841,5	309,20K	-0.32%
02.04.2017	1.180,8	1.086,1	1.201,6	1.074,2	495,23K	+8.72%
26.03.2017	1.086,1	966,3	1.103,7	946,7	542,07K	+12.40%
19.03.2017	966,3	971,4	1.125,5	890,4	691,92K	-0.52%
12.03.2017	971,4	1.179,2	1.260,2	940,2	700,54K	-17.63%
05.03.2017	1.179,2	1.264,3	1.330,4	988,7	563,14K	-6.73%
26.02.2017	1.264,3	1.149,1	1.291,3	1.130,6	352,15K	+10.03%
19.02.2017	1.149,1	1.052,3	1.211,7	1.037,7	373,70K	+9.20%
12.02.2017	1.052,3	1.008,3	1.063,2	975,1	219,71K	+4.36%
05.02.2017	1.008,3	1.031,8	1.073,0	924,7	404,97K	-2.28%
29.01.2017	1.031,8	918,5	1.041,0	911,5	282,01K	+12.34%
22.01.2017	918,5	919,8	938,4	883,6	256,52K	-0.14%
15.01.2017	919,8	819,6	928,9	808,6	346,77K	+12.23%
08.01.2017	819,6	888,9	936,1	739,5	641,94K	-7.79%
01.01.2017	888,9	963,4	1.150,6	806,7	1,65M	-7.73%
25.12.2016	963,4	891,1	982,6	851,4	367,77K	+8.11%
18.12.2016	891,1	787,2	920,5	783,8	358,58K	+13.20%
11.12.2016	787,2	774,0	791,6	763,0	181,20K	+1.70%
04.12.2016	774,0	764,2	777,0	746,0	209,60K	+1.28%
27.11.2016	764,2	734,1	779,0	727,1	283,01K	+4.10%
20.11.2016	734,1	747,9	754,0	712,8	250,91K	-1.84%
13.11.2016	747,9	704,3	755,3	685,0	322,97K	+6.19%
06.11.2016	704,3	702,1	741,2	697,6	253,50K	+0.31%
30.10.2016	702,1	715,0	744,4	670,4	351,15K	-1.80%
23.10.2016	715,0	655,5	720,2	645,7	279,12K	+9.07%
16.10.2016	655,5	637,0	659,9	624,1	186,59K	+2.90%
09.10.2016	637,0	617,7	642,5	612,8	190,80K	+3.14%
02.10.2016	617,7	613,4	619,6	606,5	154,85K	+0.69%
25.09.2016	613,4	602,6	615,0	598,2	151,47K	+1.80%
18.09.2016	602,6	607,1	612,4	591,7	158,87K	-0.74%
11.09.2016	607,1	624,5	630,8	592,8	176,68K	-2.79%
04.09.2016	624,5	598,8	629,3	590,8	190,28K	+4.29%
28.08.2016	598,8	570,3	705,0	569,2	177,29K	+5.00%
21.08.2016	570,3	582,6	591,9	567,3	180,45K	-2.10%
14.08.2016	582,6	584,6	585,8	559,3	216,33K	-0.34%
07.08.2016	584,6	586,5	600,5	580,9	211,25K	-0.32%
31.07.2016	586,5	654,7	654,9	471,4	444,48K	-10.43%
24.07.2016	654,7	655,2	664,2	643,5	217,98K	-0.06%
17.07.2016	655,2	660,7	680,9	645,7	285,32K	-0.84%
10.07.2016	660,7	651,8	673,2	636,8	309,16K	+1.36%
03.07.2016	651,8	698,1	701,5	605,0	590,38K	-6.62%
26.06.2016	698,1	663,5	700,5	609,9	593,43K	+5.21%
19.06.2016	663,5	753,8	765,1	539,3	1,18M	-11.97%
12.06.2016	753,8	591,6	776,0	592,8	1,21M	+27.41%
05.06.2016	591,6	572,0	592,6	543,6	398,83K	+3.44%
29.05.2016	572,0	524,2	592,7	493,2	663,12K	+9.10%
22.05.2016	524,2	443,6	531,8	436,9	459,13K	+18.16%
15.05.2016	443,6	456,4	460,3	435,4	255,85K	-2.80%
08.05.2016	456,4	458,5	464,2	446,8	277,91K	-0.44%
01.05.2016	458,5	448,5	461,5	440,2	326,08K	+2.21%
24.04.2016	448,5	450,1	468,9	433,9	476,55K	-0.34%
17.04.2016	450,1	430,0	451,5	423,8	333,40K	+4.66%
10.04.2016	430,0	418,0	432,0	416,7	269,29K	+2.87%
03.04.2016	418,0	418,5	423,7	412,4	242,22K	-0.11%
27.03.2016	418,5	416,5	427,4	406,4	328,93K	+0.48%
20.03.2016	416,5	408,7	419,6	407,2	264,86K	+1.91%
13.03.2016	408,7	410,4	419,6	402,1	324,33K	-0.41%
06.03.2016	410,4	399,0	422,4	393,1	405,06K	+2.85%
28.02.2016	399,0	431,3	441,3	386,9	528,15K	-7.49%
21.02.2016	431,3	440,1	447,6	410,4	466,28K	-1.99%
14.02.2016	440,1	390,1	442,7	390,1	559,58K	+12.81%
07.02.2016	390,1	376,7	392,6	371,4	420,40K	+3.56%
31.01.2016	376,7	377,8	391,8	365,3	465,80K	-0.29%
24.01.2016	377,8	388,6	405,4	363,5	484,64K	-2.79%
17.01.2016	388,6	385,0	425,7	373,2	688,23K	+0.93%
10.01.2016	385,0	448,3	451,1	350,4	735,95K	-14.11%
03.01.2016	448,3	433,7	462,9	423,1	457,61K	+3.36%
27.12.2015	433,7	415,4	438,0	406,1	420,60K	+4.42%
20.12.2015	415,4	461,2	462,8	400,5	703,13K	-9.94%
13.12.2015	461,2	432,3	466,1	420,8	784,64K	+6.69%
06.12.2015	432,3	386,7	467,7	381,7	908,49K	+11.79%
29.11.2015	386,7	355,8	390,3	347,2	664,46K	+8.67%
22.11.2015	355,8	324,7	368,9	315,5	578,86K	+9.59%
